# Generated from /tmp/asr10-03c0-block-file1.log. Do not edit by hand.
# Run: ASR10_PANEL_03C0_BLOCK_TRACE=1, V3.50 FILE 1, 20 s, no injection, no -log.
seq,direction,time,pc,address,previous,value,mem_mask
1,read,"0016.171,614,875",f89ac8,03c4,,0000,00ff
2,write,"0016.171,615,375",f89ac8,03c4,0000,00ff,00ff
3,read,"0016.171,634,875",ffb0da,03c0,,b392,ffff
4,read,"0016.171,638,625",ffb3c0,03c0,,b392,ffff
5,write,"0016.171,639,125",ffb3c0,03c2,b392,b392,ffff
6,read,"0016.171,643,500",f89ace,03c4,,00ff,00ff
7,write,"0016.171,644,000",f89ace,03c4,00ff,0000,00ff
8,read,"0016.171,672,875",f89a8e,03c4,,0000,00ff
9,read,"0016.171,683,000",f89ac8,03c4,,0000,00ff
10,write,"0016.171,683,500",f89ac8,03c4,0000,00ff,00ff
11,read,"0016.171,701,250",ffb0da,03c0,,b392,ffff
12,read,"0016.171,705,000",ffb3c0,03c0,,b392,ffff
13,write,"0016.171,705,500",ffb3c0,03c2,b392,b392,ffff
14,read,"0016.171,709,875",f89ace,03c4,,00ff,00ff
15,write,"0016.171,710,375",f89ace,03c4,00ff,0000,00ff
16,read,"0016.171,798,625",f89a8e,03c4,,0000,00ff
17,read,"0016.171,808,750",f89ac8,03c4,,0000,00ff
18,write,"0016.171,809,250",f89ac8,03c4,0000,00ff,00ff
19,read,"0016.171,827,000",ffb0da,03c0,,b392,ffff
20,read,"0016.171,830,750",ffb3c0,03c0,,b392,ffff
21,write,"0016.171,831,250",ffb3c0,03c2,b392,b392,ffff
22,read,"0016.171,835,625",f89ace,03c4,,00ff,00ff
23,write,"0016.171,836,125",f89ace,03c4,00ff,0000,00ff
24,read,"0016.171,937,500",f89a8e,03c4,,0000,00ff
25,read,"0016.171,947,625",f89ac8,03c4,,0000,00ff
26,write,"0016.171,948,125",f89ac8,03c4,0000,00ff,00ff
27,read,"0016.171,965,875",ffb0da,03c0,,b392,ffff
28,read,"0016.171,969,625",ffb3c0,03c0,,b392,ffff
29,write,"0016.171,970,125",ffb3c0,03c2,b392,b392,ffff
30,read,"0016.171,974,500",f89ace,03c4,,00ff,00ff
31,write,"0016.171,975,000",f89ace,03c4,00ff,0000,00ff
32,read,"0016.172,057,500",f89a8e,03c4,,0000,00ff
33,read,"0016.172,067,625",f89ac8,03c4,,0000,00ff
34,write,"0016.172,068,125",f89ac8,03c4,0000,00ff,00ff
35,read,"0016.172,085,875",ffb0da,03c0,,b392,ffff
36,read,"0016.172,089,625",ffb3c0,03c0,,b392,ffff
37,write,"0016.172,090,125",ffb3c0,03c2,b392,b392,ffff
38,read,"0016.172,094,500",f89ace,03c4,,00ff,00ff
39,write,"0016.172,095,000",f89ace,03c4,00ff,0000,00ff
40,read,"0016.172,116,875",f89a8e,03c4,,0000,00ff
41,read,"0016.172,127,000",f89ac8,03c4,,0000,00ff
42,write,"0016.172,127,500",f89ac8,03c4,0000,00ff,00ff
43,read,"0016.172,145,250",ffb0da,03c0,,b392,ffff
44,read,"0016.172,149,000",ffb3c0,03c0,,b392,ffff
45,write,"0016.172,149,500",ffb3c0,03c2,b392,b392,ffff
46,read,"0016.172,153,875",f89ace,03c4,,00ff,00ff
47,write,"0016.172,154,375",f89ace,03c4,00ff,0000,00ff
48,read,"0016.172,210,625",f89a8e,03c4,,0000,00ff
49,read,"0016.172,220,750",f89ac8,03c4,,0000,00ff
50,write,"0016.172,221,250",f89ac8,03c4,0000,00ff,00ff
51,read,"0016.172,239,000",ffb0da,03c0,,b392,ffff
52,read,"0016.172,242,750",ffb3c0,03c0,,b392,ffff
53,write,"0016.172,243,250",ffb3c0,03c2,b392,b392,ffff
54,read,"0016.172,247,625",f89ace,03c4,,00ff,00ff
55,write,"0016.172,248,125",f89ace,03c4,00ff,0000,00ff
56,read,"0016.172,270,000",f89a8e,03c4,,0000,00ff
57,read,"0016.172,280,125",f89ac8,03c4,,0000,00ff
58,write,"0016.172,280,625",f89ac8,03c4,0000,00ff,00ff
59,read,"0016.172,298,375",ffb0da,03c0,,b392,ffff
60,read,"0016.172,302,125",ffb3c0,03c0,,b392,ffff
61,write,"0016.172,302,625",ffb3c0,03c2,b392,b392,ffff
62,read,"0016.172,307,000",f89ace,03c4,,00ff,00ff
63,write,"0016.172,307,500",f89ace,03c4,00ff,0000,00ff
64,read,"0016.172,985,625",f89a8e,03c4,,0000,00ff
65,read,"0016.172,995,750",f89ac8,03c4,,0000,00ff
66,write,"0016.172,996,250",f89ac8,03c4,0000,00ff,00ff
67,read,"0016.173,014,000",ffb0da,03c0,,b392,ffff
68,read,"0016.173,017,750",ffb3c0,03c0,,b392,ffff
69,write,"0016.173,018,250",ffb3c0,03c2,b392,b392,ffff
70,read,"0016.173,022,625",f89ace,03c4,,00ff,00ff
71,write,"0016.173,023,125",f89ace,03c4,00ff,0000,00ff
72,read,"0016.173,045,000",f89a8e,03c4,,0000,00ff
73,read,"0016.173,055,125",f89ac8,03c4,,0000,00ff
74,write,"0016.173,055,625",f89ac8,03c4,0000,00ff,00ff
75,read,"0016.173,073,375",ffb0da,03c0,,b392,ffff
76,read,"0016.173,077,125",ffb3c0,03c0,,b392,ffff
77,write,"0016.173,077,625",ffb3c0,03c2,b392,b392,ffff
78,read,"0016.173,082,000",f89ace,03c4,,00ff,00ff
79,write,"0016.173,082,500",f89ace,03c4,00ff,0000,00ff
80,read,"0016.173,126,750",f89a8e,03c4,,0000,00ff
81,read,"0016.173,136,875",f89ac8,03c4,,0000,00ff
82,write,"0016.173,137,375",f89ac8,03c4,0000,00ff,00ff
83,read,"0016.173,155,125",ffb0da,03c0,,b392,ffff
84,read,"0016.173,158,875",ffb3c0,03c0,,b392,ffff
85,write,"0016.173,159,375",ffb3c0,03c2,b392,b392,ffff
86,read,"0016.173,163,750",f89ace,03c4,,00ff,00ff
87,write,"0016.173,164,250",f89ace,03c4,00ff,0000,00ff
88,read,"0016.173,186,125",f89a8e,03c4,,0000,00ff
89,read,"0016.173,196,250",f89ac8,03c4,,0000,00ff
90,write,"0016.173,196,750",f89ac8,03c4,0000,00ff,00ff
91,read,"0016.173,214,500",ffb0da,03c0,,b392,ffff
92,read,"0016.173,218,250",ffb3c0,03c0,,b392,ffff
93,write,"0016.173,218,750",ffb3c0,03c2,b392,b392,ffff
94,read,"0016.173,223,125",f89ace,03c4,,00ff,00ff
95,write,"0016.173,223,625",f89ace,03c4,00ff,0000,00ff
96,read,"0016.173,982,625",f97662,03c8,,0000,ff00
97,read,"0016.174,069,875",f97662,03c8,,0000,ff00
98,read,"0016.174,157,125",f97662,03c8,,0000,ff00
99,read,"0016.174,244,375",f97662,03c8,,0000,ff00
100,read,"0016.174,331,625",f97662,03c8,,0000,ff00
101,read,"0016.174,418,875",f97662,03c8,,0000,ff00
102,read,"0016.174,506,125",f97662,03c8,,0000,ff00
103,read,"0016.174,593,375",f97662,03c8,,0000,ff00
104,read,"0016.174,680,625",f97662,03c8,,0000,ff00
105,read,"0016.174,767,875",f97662,03c8,,0000,ff00
106,read,"0016.174,936,625",f97662,03c8,,0000,ff00
107,read,"0016.175,023,875",f97662,03c8,,0000,ff00
108,read,"0016.175,111,125",f97662,03c8,,0000,ff00
109,read,"0016.175,198,375",f97662,03c8,,0000,ff00
110,read,"0016.175,285,625",f97662,03c8,,0000,ff00
111,read,"0016.175,372,875",f97662,03c8,,0000,ff00
112,read,"0016.175,460,125",f97662,03c8,,0000,ff00
113,read,"0016.175,547,375",f97662,03c8,,0000,ff00
114,read,"0016.175,634,625",f97662,03c8,,0000,ff00
115,read,"0016.175,721,875",f97662,03c8,,0000,ff00
116,read,"0016.175,890,625",f97662,03c8,,0000,ff00
117,read,"0016.175,977,875",f97662,03c8,,0000,ff00
118,read,"0016.176,065,125",f97662,03c8,,0000,ff00
119,read,"0016.176,152,375",f97662,03c8,,0000,ff00
120,read,"0016.176,239,625",f97662,03c8,,0000,ff00
121,read,"0016.176,326,875",f97662,03c8,,0000,ff00
122,read,"0016.176,414,125",f97662,03c8,,0000,ff00
123,read,"0016.176,501,375",f97662,03c8,,0000,ff00
124,read,"0016.176,588,625",f97662,03c8,,0000,ff00
125,read,"0016.176,675,875",f97662,03c8,,0000,ff00
126,read,"0016.176,763,125",f97662,03c8,,0000,ff00
127,read,"0016.176,931,875",f97662,03c8,,0000,ff00
128,read,"0016.177,019,125",f97662,03c8,,0000,ff00
129,read,"0016.177,106,375",f97662,03c8,,0000,ff00
130,read,"0016.177,193,625",f97662,03c8,,0000,ff00
131,read,"0016.177,280,875",f97662,03c8,,0000,ff00
132,read,"0016.177,368,125",f97662,03c8,,0000,ff00
133,read,"0016.177,455,375",f97662,03c8,,0000,ff00
134,read,"0016.177,542,625",f97662,03c8,,0000,ff00
135,read,"0016.177,629,875",f97662,03c8,,0000,ff00
136,read,"0016.177,717,125",f97662,03c8,,0000,ff00
137,read,"0016.177,885,875",f97662,03c8,,0000,ff00
138,read,"0016.177,973,125",f97662,03c8,,0000,ff00
139,read,"0016.178,060,375",f97662,03c8,,0000,ff00
140,read,"0016.178,147,625",f97662,03c8,,0000,ff00
141,read,"0016.178,234,875",f97662,03c8,,0000,ff00
142,read,"0016.178,322,125",f97662,03c8,,0000,ff00
143,read,"0016.178,409,375",f97662,03c8,,0000,ff00
144,read,"0016.178,496,625",f97662,03c8,,0000,ff00
145,read,"0016.178,583,875",f97662,03c8,,0000,ff00
146,read,"0016.178,671,125",f97662,03c8,,0000,ff00
147,read,"0016.178,758,375",f97662,03c8,,0000,ff00
148,read,"0016.178,961,375",f97662,03c8,,0000,ff00
149,read,"0016.179,048,625",f97662,03c8,,0000,ff00
150,read,"0016.179,135,875",f97662,03c8,,0000,ff00
151,read,"0016.179,223,125",f97662,03c8,,0000,ff00
152,read,"0016.179,310,375",f97662,03c8,,0000,ff00
153,read,"0016.179,397,625",f97662,03c8,,0000,ff00
154,read,"0016.179,484,875",f97662,03c8,,0000,ff00
155,read,"0016.179,572,125",f97662,03c8,,0000,ff00
156,read,"0016.179,659,375",f97662,03c8,,0000,ff00
157,read,"0016.179,746,625",f97662,03c8,,0000,ff00
158,read,"0016.179,915,375",f97662,03c8,,0000,ff00
159,read,"0016.180,002,625",f97662,03c8,,0000,ff00
160,read,"0016.180,089,875",f97662,03c8,,0000,ff00
161,read,"0016.180,174,125",f97662,03c8,,0000,ff00
162,read,"0016.205,974,125",f97662,03c8,,0000,ff00
163,read,"0016.206,056,250",f97662,03c8,,0000,ff00
164,read,"0016.206,138,375",f97662,03c8,,0000,ff00
165,read,"0016.206,220,500",f97662,03c8,,0000,ff00
166,read,"0016.206,302,625",f97662,03c8,,0000,ff00
167,read,"0016.206,384,750",f97662,03c8,,0000,ff00
168,read,"0016.206,466,875",f97662,03c8,,0000,ff00
169,read,"0016.206,549,000",f97662,03c8,,0000,ff00
170,read,"0016.206,631,125",f97662,03c8,,0000,ff00
171,read,"0016.206,713,250",f97662,03c8,,0000,ff00
172,read,"0016.206,795,375",f97662,03c8,,0000,ff00
173,read,"0016.206,959,000",f97662,03c8,,0000,ff00
174,read,"0016.207,041,125",f97662,03c8,,0000,ff00
175,read,"0016.207,123,250",f97662,03c8,,0000,ff00
176,read,"0016.207,205,375",f97662,03c8,,0000,ff00
177,read,"0016.207,287,500",f97662,03c8,,0000,ff00
178,read,"0016.207,369,625",f97662,03c8,,0000,ff00
179,read,"0016.207,451,750",f97662,03c8,,0000,ff00
180,read,"0016.207,533,875",f97662,03c8,,0000,ff00
181,read,"0016.207,616,000",f97662,03c8,,0000,ff00
182,read,"0016.207,698,125",f97662,03c8,,0000,ff00
183,read,"0016.207,780,250",f97662,03c8,,0000,ff00
184,read,"0016.207,943,875",f97662,03c8,,0000,ff00
185,read,"0016.208,026,000",f97662,03c8,,0000,ff00
186,read,"0016.208,108,125",f97662,03c8,,0000,ff00
187,read,"0016.208,190,250",f97662,03c8,,0000,ff00
188,read,"0016.208,272,375",f97662,03c8,,0000,ff00
189,read,"0016.208,354,500",f97662,03c8,,0000,ff00
190,read,"0016.208,436,625",f97662,03c8,,0000,ff00
191,read,"0016.208,518,750",f97662,03c8,,0000,ff00
192,read,"0016.208,600,875",f97662,03c8,,0000,ff00
193,read,"0016.208,683,000",f97662,03c8,,0000,ff00
194,read,"0016.208,765,125",f97662,03c8,,0000,ff00
195,read,"0016.208,963,000",f97662,03c8,,0000,ff00
196,read,"0016.209,045,125",f97662,03c8,,0000,ff00
197,read,"0016.209,127,250",f97662,03c8,,0000,ff00
198,read,"0016.209,209,375",f97662,03c8,,0000,ff00
199,read,"0016.209,291,500",f97662,03c8,,0000,ff00
200,read,"0016.209,373,625",f97662,03c8,,0000,ff00
201,read,"0016.209,455,750",f97662,03c8,,0000,ff00
202,read,"0016.209,537,875",f97662,03c8,,0000,ff00
203,read,"0016.209,620,000",f97662,03c8,,0000,ff00
204,read,"0016.209,702,125",f97662,03c8,,0000,ff00
205,read,"0016.209,784,250",f97662,03c8,,0000,ff00
206,read,"0016.209,947,875",f97662,03c8,,0000,ff00
207,read,"0016.210,030,000",f97662,03c8,,0000,ff00
208,read,"0016.210,112,125",f97662,03c8,,0000,ff00
209,read,"0016.210,194,250",f97662,03c8,,0000,ff00
210,read,"0016.210,276,375",f97662,03c8,,0000,ff00
211,read,"0016.210,358,500",f97662,03c8,,0000,ff00
212,read,"0016.210,440,625",f97662,03c8,,0000,ff00
213,read,"0016.210,522,750",f97662,03c8,,0000,ff00
214,read,"0016.210,604,875",f97662,03c8,,0000,ff00
215,read,"0016.210,687,000",f97662,03c8,,0000,ff00
216,read,"0016.210,769,125",f97662,03c8,,0000,ff00
217,read,"0016.210,932,750",f97662,03c8,,0000,ff00
218,read,"0016.211,014,875",f97662,03c8,,0000,ff00
219,read,"0016.211,097,000",f97662,03c8,,0000,ff00
220,read,"0016.211,179,125",f97662,03c8,,0000,ff00
221,read,"0016.211,261,250",f97662,03c8,,0000,ff00
222,read,"0016.211,343,375",f97662,03c8,,0000,ff00
223,read,"0016.211,425,500",f97662,03c8,,0000,ff00
224,read,"0016.211,507,625",f97662,03c8,,0000,ff00
225,read,"0016.211,589,750",f97662,03c8,,0000,ff00
226,read,"0016.211,671,875",f97662,03c8,,0000,ff00
227,read,"0016.211,754,000",f97662,03c8,,0000,ff00
228,read,"0016.211,917,625",f97662,03c8,,0000,ff00
229,read,"0016.211,999,750",f97662,03c8,,0000,ff00
230,read,"0016.212,081,875",f97662,03c8,,0000,ff00
231,read,"0016.212,164,000",f97662,03c8,,0000,ff00
232,read,"0016.212,246,125",f97662,03c8,,0000,ff00
233,read,"0016.212,328,250",f97662,03c8,,0000,ff00
234,read,"0016.212,410,375",f97662,03c8,,0000,ff00
235,read,"0016.212,492,500",f97662,03c8,,0000,ff00
236,read,"0016.212,574,625",f97662,03c8,,0000,ff00
237,read,"0016.212,656,750",f97662,03c8,,0000,ff00
238,read,"0016.212,738,875",f97662,03c8,,0000,ff00
239,read,"0016.212,902,500",f97662,03c8,,0000,ff00
240,read,"0016.212,984,625",f97662,03c8,,0000,ff00
241,read,"0016.213,066,750",f97662,03c8,,0000,ff00
242,read,"0016.213,148,875",f97662,03c8,,0000,ff00
243,read,"0016.213,231,000",f97662,03c8,,0000,ff00
244,read,"0016.213,313,125",f97662,03c8,,0000,ff00
245,read,"0016.213,395,250",f97662,03c8,,0000,ff00
246,read,"0016.213,477,375",f97662,03c8,,0000,ff00
247,read,"0016.213,559,500",f97662,03c8,,0000,ff00
248,read,"0016.213,641,625",f97662,03c8,,0000,ff00
249,read,"0016.213,723,750",f97662,03c8,,0000,ff00
250,read,"0016.213,897,625",f97662,03c8,,0000,ff00
251,read,"0016.213,979,750",f97662,03c8,,0000,ff00
252,read,"0016.214,061,875",f97662,03c8,,0000,ff00
253,read,"0016.214,144,000",f97662,03c8,,0000,ff00
254,read,"0016.214,226,125",f97662,03c8,,0000,ff00
255,read,"0016.214,308,250",f97662,03c8,,0000,ff00
256,read,"0016.214,390,375",f97662,03c8,,0000,ff00
257,read,"0016.214,472,500",f97662,03c8,,0000,ff00
258,read,"0016.214,554,625",f97662,03c8,,0000,ff00
259,read,"0016.214,636,750",f97662,03c8,,0000,ff00
260,read,"0016.214,718,875",f97662,03c8,,0000,ff00
261,read,"0016.214,801,000",f97662,03c8,,0000,ff00
262,read,"0016.214,998,875",f97662,03c8,,0000,ff00
263,read,"0016.215,081,000",f97662,03c8,,0000,ff00
264,read,"0016.215,163,125",f97662,03c8,,0000,ff00
265,read,"0016.215,245,250",f97662,03c8,,0000,ff00
266,read,"0016.215,327,375",f97662,03c8,,0000,ff00
267,read,"0016.215,409,500",f97662,03c8,,0000,ff00
268,read,"0016.215,491,625",f97662,03c8,,0000,ff00
269,read,"0016.215,573,750",f97662,03c8,,0000,ff00
270,read,"0016.215,655,875",f97662,03c8,,0000,ff00
271,read,"0016.215,738,000",f97662,03c8,,0000,ff00
272,read,"0016.215,901,625",f97662,03c8,,0000,ff00
273,read,"0016.215,983,750",f97662,03c8,,0000,ff00
274,read,"0016.216,065,875",f97662,03c8,,0000,ff00
275,read,"0016.216,148,000",f97662,03c8,,0000,ff00
276,read,"0016.216,230,125",f97662,03c8,,0000,ff00
277,read,"0016.216,312,250",f97662,03c8,,0000,ff00
278,read,"0016.216,394,375",f97662,03c8,,0000,ff00
279,read,"0016.216,476,500",f97662,03c8,,0000,ff00
280,read,"0016.216,558,625",f97662,03c8,,0000,ff00
281,read,"0016.216,640,750",f97662,03c8,,0000,ff00
282,read,"0016.216,722,875",f97662,03c8,,0000,ff00
283,read,"0016.216,886,500",f97662,03c8,,0000,ff00
284,read,"0016.216,968,625",f97662,03c8,,0000,ff00
285,read,"0016.217,050,750",f97662,03c8,,0000,ff00
286,read,"0016.217,132,875",f97662,03c8,,0000,ff00
287,read,"0016.217,215,000",f97662,03c8,,0000,ff00
288,read,"0016.217,297,125",f97662,03c8,,0000,ff00
289,read,"0016.217,379,250",f97662,03c8,,0000,ff00
290,read,"0016.217,461,375",f97662,03c8,,0000,ff00
291,read,"0016.217,543,500",f97662,03c8,,0000,ff00
292,read,"0016.217,625,625",f97662,03c8,,0000,ff00
293,read,"0016.217,707,750",f97662,03c8,,0000,ff00
294,read,"0016.217,789,875",f97662,03c8,,0000,ff00
295,read,"0016.217,953,500",f97662,03c8,,0000,ff00
296,read,"0016.218,035,625",f97662,03c8,,0000,ff00
297,read,"0016.218,117,750",f97662,03c8,,0000,ff00
298,read,"0016.218,199,875",f97662,03c8,,0000,ff00
299,read,"0016.218,282,000",f97662,03c8,,0000,ff00
300,read,"0016.218,364,125",f97662,03c8,,0000,ff00
301,read,"0016.218,446,250",f97662,03c8,,0000,ff00
302,read,"0016.218,528,375",f97662,03c8,,0000,ff00
303,read,"0016.218,610,500",f97662,03c8,,0000,ff00
304,read,"0016.218,692,625",f97662,03c8,,0000,ff00
305,read,"0016.218,774,750",f97662,03c8,,0000,ff00
306,read,"0016.238,476,875",f97662,03c8,,0000,ff00
307,read,"0016.239,194,375",f97662,03c8,,0000,ff00
308,read,"0016.239,285,125",f97662,03c8,,0000,ff00
309,read,"0016.239,375,875",f97662,03c8,,0000,ff00
310,read,"0016.239,466,625",f97662,03c8,,0000,ff00
311,read,"0016.239,557,375",f97662,03c8,,0000,ff00
312,read,"0016.239,648,125",f97662,03c8,,0000,ff00
313,read,"0016.239,738,875",f97662,03c8,,0000,ff00
314,read,"0016.239,911,125",f97662,03c8,,0000,ff00
315,read,"0016.240,001,875",f97662,03c8,,0000,ff00
316,read,"0016.240,092,625",f97662,03c8,,0000,ff00
317,read,"0016.240,183,375",f97662,03c8,,0000,ff00
318,read,"0016.240,274,125",f97662,03c8,,0000,ff00
319,read,"0016.240,364,875",f97662,03c8,,0000,ff00
320,read,"0016.240,455,625",f97662,03c8,,0000,ff00
321,read,"0016.240,546,375",f97662,03c8,,0000,ff00
322,read,"0016.240,637,125",f97662,03c8,,0000,ff00
323,read,"0016.240,727,875",f97662,03c8,,0000,ff00
324,read,"0016.240,900,125",f97662,03c8,,0000,ff00
325,read,"0016.240,990,875",f97662,03c8,,0000,ff00
326,read,"0016.241,081,625",f97662,03c8,,0000,ff00
327,read,"0016.241,172,375",f97662,03c8,,0000,ff00
328,read,"0016.241,263,125",f97662,03c8,,0000,ff00
329,read,"0016.241,353,875",f97662,03c8,,0000,ff00
330,read,"0016.241,444,625",f97662,03c8,,0000,ff00
331,read,"0016.241,535,375",f97662,03c8,,0000,ff00
332,read,"0016.241,626,125",f97662,03c8,,0000,ff00
333,read,"0016.241,716,875",f97662,03c8,,0000,ff00
334,read,"0016.241,889,125",f97662,03c8,,0000,ff00
335,read,"0016.241,979,875",f97662,03c8,,0000,ff00
336,read,"0016.242,070,625",f97662,03c8,,0000,ff00
337,read,"0016.242,161,375",f97662,03c8,,0000,ff00
338,read,"0016.242,252,125",f97662,03c8,,0000,ff00
339,read,"0016.242,342,875",f97662,03c8,,0000,ff00
340,read,"0016.242,433,625",f97662,03c8,,0000,ff00
341,read,"0016.242,524,375",f97662,03c8,,0000,ff00
342,read,"0016.242,615,125",f97662,03c8,,0000,ff00
343,read,"0016.242,705,875",f97662,03c8,,0000,ff00
344,read,"0016.242,796,625",f97662,03c8,,0000,ff00
345,read,"0016.242,968,875",f97662,03c8,,0000,ff00
346,read,"0016.243,059,625",f97662,03c8,,0000,ff00
347,read,"0016.243,150,375",f97662,03c8,,0000,ff00
348,read,"0016.243,241,125",f97662,03c8,,0000,ff00
349,read,"0016.243,331,875",f97662,03c8,,0000,ff00
350,read,"0016.243,422,625",f97662,03c8,,0000,ff00
351,read,"0016.243,513,375",f97662,03c8,,0000,ff00
352,read,"0016.243,604,125",f97662,03c8,,0000,ff00
353,read,"0016.243,694,875",f97662,03c8,,0000,ff00
354,read,"0016.243,785,625",f97662,03c8,,0000,ff00
355,read,"0016.243,968,125",f97662,03c8,,0000,ff00
356,read,"0016.244,058,875",f97662,03c8,,0000,ff00
357,read,"0016.244,149,625",f97662,03c8,,0000,ff00
358,read,"0016.244,240,375",f97662,03c8,,0000,ff00
359,read,"0016.244,331,125",f97662,03c8,,0000,ff00
360,read,"0016.244,421,875",f97662,03c8,,0000,ff00
361,read,"0016.244,512,625",f97662,03c8,,0000,ff00
362,read,"0016.244,603,375",f97662,03c8,,0000,ff00
363,read,"0016.244,694,125",f97662,03c8,,0000,ff00
364,read,"0016.244,784,875",f97662,03c8,,0000,ff00
365,read,"0016.244,991,375",f97662,03c8,,0000,ff00
366,read,"0016.245,082,125",f97662,03c8,,0000,ff00
367,read,"0016.245,172,875",f97662,03c8,,0000,ff00
368,read,"0016.245,263,625",f97662,03c8,,0000,ff00
369,read,"0016.245,354,375",f97662,03c8,,0000,ff00
370,read,"0016.245,445,125",f97662,03c8,,0000,ff00
371,read,"0016.245,535,875",f97662,03c8,,0000,ff00
372,read,"0016.245,626,625",f97662,03c8,,0000,ff00
373,read,"0016.245,714,500",f97662,03c8,,0000,ff00
374,read,"0016.245,954,500",f97662,03c8,,0000,ff00
375,read,"0016.246,041,875",f97662,03c8,,0000,ff00
376,read,"0016.246,157,250",f97662,03c8,,0000,ff00
377,read,"0016.246,244,625",f97662,03c8,,0000,ff00
378,read,"0016.246,360,500",f97662,03c8,,0000,ff00
379,read,"0016.246,447,875",f97662,03c8,,0000,ff00
380,read,"0016.246,558,250",f97662,03c8,,0000,ff00
381,read,"0016.246,647,000",f97662,03c8,,0000,ff00
382,read,"0016.246,748,750",f97662,03c8,,0000,ff00
383,read,"0016.246,914,500",f97662,03c8,,0000,ff00
384,read,"0016.246,998,750",f97662,03c8,,0000,ff00
385,read,"0016.247,113,500",f97662,03c8,,0000,ff00
386,read,"0016.247,202,250",f97662,03c8,,0000,ff00
387,read,"0016.247,304,000",f97662,03c8,,0000,ff00
388,read,"0016.247,388,250",f97662,03c8,,0000,ff00
389,read,"0016.247,472,500",f97662,03c8,,0000,ff00
390,read,"0016.247,599,625",f97662,03c8,,0000,ff00
391,read,"0016.247,683,875",f97662,03c8,,0000,ff00
392,read,"0016.247,768,125",f97662,03c8,,0000,ff00
393,read,"0016.247,953,125",f97662,03c8,,0000,ff00
394,read,"0016.248,037,375",f97662,03c8,,0000,ff00
395,read,"0016.248,121,625",f97662,03c8,,0000,ff00
396,read,"0016.248,234,750",f97662,03c8,,0000,ff00
397,read,"0016.248,321,125",f97662,03c8,,0000,ff00
398,read,"0016.248,431,500",f97662,03c8,,0000,ff00
399,read,"0016.248,517,875",f97662,03c8,,0000,ff00
400,read,"0016.248,629,875",f97662,03c8,,0000,ff00
401,read,"0016.248,742,875",f97662,03c8,,0000,ff00
402,read,"0016.248,939,375",f97662,03c8,,0000,ff00
403,read,"0016.249,036,125",f97662,03c8,,0000,ff00
404,read,"0016.250,243,250",f97662,03c8,,0000,ff00
405,read,"0016.250,330,625",f97662,03c8,,0000,ff00
406,read,"0016.261,971,375",f97662,03c8,,0000,ff00
407,read,"0016.262,058,750",f97662,03c8,,0000,ff00
408,read,"0016.274,002,000",f97662,03c8,,0000,ff00
409,read,"0016.274,089,375",f97662,03c8,,0000,ff00
410,read,"0016.285,994,875",f97662,03c8,,0000,ff00
411,read,"0016.286,082,250",f97662,03c8,,0000,ff00
412,read,"0016.297,987,750",f97662,03c8,,0000,ff00
413,read,"0016.298,075,125",f97662,03c8,,0000,ff00
414,read,"0016.309,990,625",f97662,03c8,,0000,ff00
415,read,"0016.310,078,000",f97662,03c8,,0000,ff00
416,read,"0016.321,983,500",f97662,03c8,,0000,ff00
417,read,"0016.322,070,875",f97662,03c8,,0000,ff00
418,read,"0016.333,986,625",f97662,03c8,,0000,ff00
419,read,"0016.334,074,000",f97662,03c8,,0000,ff00
420,read,"0016.345,973,375",f97662,03c8,,0000,ff00
421,read,"0016.346,060,750",f97662,03c8,,0000,ff00
422,read,"0016.357,986,125",f97662,03c8,,0000,ff00
423,read,"0016.358,073,500",f97662,03c8,,0000,ff00
424,read,"0016.369,995,000",f97662,03c8,,0000,ff00
425,read,"0016.370,082,375",f97662,03c8,,0000,ff00
426,read,"0016.381,973,875",f97662,03c8,,0000,ff00
427,read,"0016.382,061,250",f97662,03c8,,0000,ff00
428,read,"0016.393,992,125",f97662,03c8,,0000,ff00
429,read,"0016.394,079,500",f97662,03c8,,0000,ff00
430,read,"0016.405,973,125",f97662,03c8,,0000,ff00
431,read,"0016.406,060,500",f97662,03c8,,0000,ff00
432,read,"0016.417,985,875",f97662,03c8,,0000,ff00
433,read,"0016.418,073,250",f97662,03c8,,0000,ff00
434,read,"0016.429,994,750",f97662,03c8,,0000,ff00
435,read,"0016.430,082,125",f97662,03c8,,0000,ff00
436,read,"0016.441,973,625",f97662,03c8,,0000,ff00
437,read,"0016.442,061,000",f97662,03c8,,0000,ff00
438,read,"0016.453,991,875",f97662,03c8,,0000,ff00
439,read,"0016.454,079,250",f97662,03c8,,0000,ff00
440,read,"0016.465,972,875",f97662,03c8,,0000,ff00
441,read,"0016.466,060,250",f97662,03c8,,0000,ff00
442,read,"0016.477,985,625",f97662,03c8,,0000,ff00
443,read,"0016.478,073,000",f97662,03c8,,0000,ff00
444,read,"0016.489,994,500",f97662,03c8,,0000,ff00
445,read,"0016.490,081,875",f97662,03c8,,0000,ff00
446,read,"0016.501,973,375",f97662,03c8,,0000,ff00
447,read,"0016.502,060,750",f97662,03c8,,0000,ff00
448,read,"0016.513,991,625",f97662,03c8,,0000,ff00
449,read,"0016.514,079,000",f97662,03c8,,0000,ff00
450,read,"0016.525,972,625",f97662,03c8,,0000,ff00
451,read,"0016.526,060,000",f97662,03c8,,0000,ff00
452,read,"0016.537,985,375",f97662,03c8,,0000,ff00
453,read,"0016.538,072,750",f97662,03c8,,0000,ff00
454,read,"0016.549,994,250",f97662,03c8,,0000,ff00
455,read,"0016.550,081,625",f97662,03c8,,0000,ff00
456,read,"0016.561,973,125",f97662,03c8,,0000,ff00
457,read,"0016.562,060,500",f97662,03c8,,0000,ff00
458,read,"0016.573,991,375",f97662,03c8,,0000,ff00
459,read,"0016.574,078,750",f97662,03c8,,0000,ff00
460,read,"0016.585,972,375",f97662,03c8,,0000,ff00
461,read,"0016.586,059,750",f97662,03c8,,0000,ff00
462,read,"0016.597,985,125",f97662,03c8,,0000,ff00
463,read,"0016.598,072,500",f97662,03c8,,0000,ff00
464,read,"0016.609,994,000",f97662,03c8,,0000,ff00
465,read,"0016.610,081,375",f97662,03c8,,0000,ff00
466,read,"0016.621,972,875",f97662,03c8,,0000,ff00
467,read,"0016.622,060,250",f97662,03c8,,0000,ff00
468,read,"0016.633,991,125",f97662,03c8,,0000,ff00
469,read,"0016.634,078,500",f97662,03c8,,0000,ff00
470,read,"0016.645,972,125",f97662,03c8,,0000,ff00
471,read,"0016.646,059,500",f97662,03c8,,0000,ff00
472,read,"0016.657,984,875",f97662,03c8,,0000,ff00
473,read,"0016.658,072,250",f97662,03c8,,0000,ff00
474,read,"0016.669,993,750",f97662,03c8,,0000,ff00
475,read,"0016.670,081,125",f97662,03c8,,0000,ff00
